BEIDOU-2 IGSO-7         
1 43539U 18057A   19030.35314160 -.00000092  00000+0  00000+0 0  9991
2 43539  55.0398 186.8977 0021866 178.3369   4.3168  1.00270299  2130
BEIDOU-2 IGSO-7         
1 43539U 18057A   19030.92636124 -.00000096  00000+0  00000+0 0  9995
2 43539  55.0399 186.8924 0021844 178.3183 211.2563  1.00270112  2146
BEIDOU-2 IGSO-7         
1 43539U 18057A   19031.87328091 -.00000103  00000+0  00000+0 0  9990
2 43539  55.0400 186.8835 0021824 178.3262 193.0676  1.00269817  2159
BEIDOU-2 IGSO-7         
1 43539U 18057A   19032.84077090 -.00000111  00000+0  00000+0 0  9997
2 43539  55.0401 186.8745 0021821 178.3352 182.3022  1.00269516  2160
BEIDOU-3 M2             
1 43002U 17069B   19030.11339670 -.00000022  00000+0  00000+0 0  9998
2 43002  55.0786 153.1832 0007360 308.6456  54.8435  1.86231567  8403
BEIDOU-3 M2             
1 43002U 17069B   19030.72016955 -.00000030  00000+0  00000+0 0  9992
2 43002  55.0787 153.1627 0007386 308.5462 101.7562  1.86231569  8416
BEIDOU-3 M2             
1 43002U 17069B   19031.18467970 -.00000035  00000+0  00000+0 0  9995
2 43002  55.0788 153.1470 0007386 308.5474  53.1877  1.86231567  8424
BEIDOU-3 M2             
1 43002U 17069B   19031.72696589 -.00000040  00000+0  00000+0 0  9991
2 43002  55.0787 153.1288 0007395 308.5186  56.7942  1.86231565  8431
BEIDOU-3 M2             
1 43002U 17069B   19032.37873574 -.00000043  00000+0  00000+0 0  9997
2 43002  55.0791 153.1068 0007393 307.9807 134.3129  1.86231553  8441
BEIDOU-3 M2             
1 43002U 17069B   19032.79160529 -.00000043  00000+0  00000+0 0  9992
2 43002  55.0792 153.0929 0007395 307.9722  51.1314  1.86231550  8444
GSAT0221 (GALILEO 25)   
1 43564U 18060A   19031.46990936 -.00000052  00000+0  00000+0 0  9993
2 43564  56.4631  54.8695 0006348 273.8515  86.1340  1.70476341  3253
GSAT0221 (GALILEO 25)   
1 43564U 18060A   19032.05649220 -.00000050  00000+0  00000+0 0  9994
2 43564  56.4636  54.8532 0006351 274.0476  85.9389  1.70476346  3256
GSAT0221 (GALILEO 25)   
1 43564U 18060A   19032.64307400 -.00000048  00000+0  00000+0 0  9997
2 43564  56.4640  54.8370 0006353 274.1732  85.8139  1.70476345  3261
BEIDOU-3 M9             
1 43245U 18029A   19030.06019646 -.00000073  00000+0  00000+0 0  9992
2 43245  55.1638  32.7064 0002599 276.0977 127.2268  1.86232876  5706
BEIDOU-3 M9             
1 43245U 18029A   19030.78164514 -.00000073  00000+0  00000+0 0  9996
2 43245  55.1642  32.6817 0002605 276.4204 250.6022  1.86232863  5717
BEIDOU-3 M9             
1 43245U 18029A   19031.07500988 -.00000073  00000+0  00000+0 0  9998
2 43245  55.1643  32.6716 0002600 276.4884  87.2218  1.86232860  5724
BEIDOU-3 M9             
1 43245U 18029A   19031.91832932 -.00000073  00000+0  00000+0 0  9998
2 43245  55.1647  32.6426 0002598 276.7516 292.3659  1.86232850  5735
BEIDOU-3 M9             
1 43245U 18029A   19032.35426191 -.00000073  00000+0  00000+0 0  9993
2 43245  55.1649  32.6276 0002600 276.6895 224.7013  1.86232850  5747
BEIDOU-3 M9             
1 43245U 18029A   19032.75025281 -.00000073  00000+0  00000+0 0  9992
2 43245  55.1651  32.6140 0002588 277.0858 129.7987  1.86232847  5750
GSAT0204 (GALILEO 8)    
1 40545U 15017B   19030.22510837 -.00000057  00000+0  00000+0 0  9994
2 40545  56.0761  55.4236 0003095 247.2554 112.7677  1.70475530 23925
GSAT0204 (GALILEO 8)    
1 40545U 15017B   19031.98486240 -.00000051  00000+0  00000+0 0  9992
2 40545  56.0775  55.3744 0003076 248.5028 111.5239  1.70475581 23952
GSAT0204 (GALILEO 8)    
1 40545U 15017B   19032.57144625 -.00000049  00000+0  00000+0 0  9993
2 40545  56.0779  55.3581 0003078 248.4887 111.5387  1.70475579 23961
BEIDOU-2 IGSO-5         
1 37948U 11073A   19030.89972639 -.00000168  00000+0  10000-3 0  9998
2 37948  52.3704 303.8308 0057185 209.9769  35.2500  1.00284390 26388
BEIDOU-2 IGSO-5         
1 37948U 11073A   19031.91512730 -.00000161  00000+0  10000-3 0  9997
2 37948  52.3688 303.8189 0057154 209.9630  41.8524  1.00284151 26394
BEIDOU-2 IGSO-5         
1 37948U 11073A   19032.92793050 -.00000154  00000+0  10000-3 0  9997
2 37948  52.3671 303.8074 0057030 209.8699  47.5947  1.00283918 26400
BEIDOU-2 G5             
1 38091U 12008A   19030.84498270  .00000046  00000+0  00000+0 0  9995
2 38091   1.8552  68.0707 0004902 281.4521 143.1203  1.00269300 25462
BEIDOU-2 G5             
1 38091U 12008A   19030.91677794  .00000046  00000+0  00000+0 0  9993
2 38091   1.8554  68.0698 0004902 281.5070 168.9829  1.00269337 25462
BEIDOU-2 G5             
1 38091U 12008A   19031.85002877  .00000047  00000+0  00000+0 0  9992
2 38091   1.8573  68.0578 0004892 281.8760 145.5094  1.00269705 25472
BEIDOU-2 G5             
1 38091U 12008A   19031.92182402  .00000047  00000+0  00000+0 0  9993
2 38091   1.8574  68.0569 0004890 281.9277 171.3753  1.00269739 25471
BEIDOU-2 G5             
1 38091U 12008A   19032.85511309  .00000047  00000+0  00000+0 0  9998
2 38091   1.8593  68.0450 0004880 282.2879 147.9259  1.00270111 25489
BEIDOU-2 G5             
1 38091U 12008A   19032.92682109  .00000047  00000+0  00000+0 0  9993
2 38091   1.8594  68.0441 0004878 282.3342 173.7658  1.00270142 25487
GSAT0201 (GALILEO 5)    
1 40128U 14050A   19030.42995440 -.00000102  00000+0  00000+0 0  9997
2 40128  50.5445  21.4982 1658507  83.0984 295.4570  1.85519576 28357
GSAT0201 (GALILEO 5)    
1 40128U 14050A   19031.50796793 -.00000102  00000+0  00000+0 0  9997
2 40128  50.5448  21.4550 1658552  83.1320 295.4276  1.85519611 28371
GSAT0201 (GALILEO 5)    
1 40128U 14050A   19032.04697371 -.00000102  00000+0  00000+0 0  9999
2 40128  50.5449  21.4335 1658571  83.1488 295.4122  1.85519626 30299
GSAT0201 (GALILEO 5)    
1 40128U 14050A   19032.58597943 -.00000101  00000+0  00000+0 0  9991
2 40128  50.5450  21.4119 1658596  83.1653 295.3968  1.85519635 28397
BEIDOU-2 M6             
1 38775U 12050B   19030.21037428 -.00000023  00000+0  00000+0 0  9992
2 38775  54.9242 153.3082 0020580 240.9048  10.8937  1.86232187 43476
BEIDOU-2 M6             
1 38775U 12050B   19031.43443030 -.00000037  00000+0  00000+0 0  9992
2 38775  54.9259 153.2676 0020873 241.4872 110.9801  1.86232011 43498
BEIDOU-2 M6             
1 38775U 12050B   19031.53294126 -.00000038  00000+0  00000+0 0  9994
2 38775  54.9245 153.2635 0020590 240.9306 177.5914  1.86232179 43501
BEIDOU-2 M6             
1 38775U 12050B   19032.47235748 -.00000043  00000+0  00000+0 0  9999
2 38775  54.9244 153.2314 0020575 241.0281  87.3298  1.86232156 43510
BEIDOU-2 M6             
1 38775U 12050B   19032.68063690 -.00000043  00000+0  00000+0 0  9997
2 38775  54.9255 153.2246 0020706 241.1289 226.8720  1.86232171 43529
BEIDOU-3 M4             
1 43207U 18018A   19030.24167904 -.00000024  00000+0  00000+0 0  9995
2 43207  55.0397 153.2997 0005493 334.0011  25.9342  1.86231677  6558
BEIDOU-3 M4             
1 43207U 18018A   19031.31557338 -.00000036  00000+0  00000+0 0  9991
2 43207  55.0400 153.2638 0005503 333.7331  26.1981  1.86231655  6578
BEIDOU-3 M4             
1 43207U 18018A   19032.38947091 -.00000043  00000+0  00000+0 0  9996
2 43207  55.0400 153.2272 0005501 333.5894  26.3411  1.86231650  6599
BEIDOU-3 M4             
1 43207U 18018A   19032.92642017 -.00000043  00000+0  00000+0 0  9996
2 43207  55.0400 153.2091 0005504 333.5031  26.4273  1.86231645  6607
COSMOS 2485 [GLONASS-M] 
1 39155U 13019A   19030.75963602  .00000003  00000+0  00000+0 0  9999
2 39155  64.6664 164.3515 0017577 231.2273  27.3193  2.13101895 44866
COSMOS 2485 [GLONASS-M] 
1 39155U 13019A   19031.87258295 -.00000010  00000+0  00000+0 0  9997
2 39155  64.6664 164.3141 0017600 231.2643 161.0959  2.13101881 44893
COSMOS 2485 [GLONASS-M] 
1 39155U 13019A   19032.71657250 -.00000015  00000+0  00000+0 0  9990
2 39155  64.6665 164.2858 0017620 231.3637  88.4757  2.13101872 44904
COSMOS 2485 [GLONASS-M] 
1 39155U 13019A   19032.87820623 -.00000015  00000+0  00000+0 0  9993
2 39155  64.6665 164.2804 0017624 231.3542 212.4849  2.13101871 44915
BEIDOU-3S M2S           
1 40748U 15037A   19030.33665539 -.00000070  00000+0  00000+0 0  9998
2 40748  55.7765  33.3857 0010041 272.9635 133.6820  1.86231254 23931
BEIDOU-3S M2S           
1 40748U 15037A   19031.38484110 -.00000070  00000+0  00000+0 0  9998
2 40748  55.7771  33.3502 0010028 273.4943 115.9043  1.86231251 23957
BEIDOU-3S M2S           
1 40748U 15037A   19031.64752282 -.00000070  00000+0  00000+0 0  9995
2 40748  55.7769  33.3415 0010020 273.1554 292.3577  1.86231247 23951
BEIDOU-3S M2S           
1 40748U 15037A   19032.47487367 -.00000070  00000+0  00000+0 0  9996
2 40748  55.7777  33.3133 0010020 273.7014 126.5073  1.86231253 23972
BEIDOU-3S M2S           
1 40748U 15037A   19032.72967021 -.00000071  00000+0  00000+0 0  9995
2 40748  55.7780  33.3046 0010036 273.8642 297.1717  1.86231240 23970
BEIDOU-3 M14            
1 43623U 18072B   19030.43265174 -.00000027  00000+0  00000+0 0  9999
2 43623  55.0011 152.8848 0003628 314.6388  38.5211  1.86231678  2464
BEIDOU-3 M14            
1 43623U 18072B   19030.51959152 -.00000028  00000+0  00000+0 0  9995
2 43623  55.0010 152.8819 0003635 314.1660  97.2829  1.86231677  2474
BEIDOU-3 M14            
1 43623U 18072B   19031.67193192 -.00000040  00000+0  00000+0 0  9991
2 43623  55.0011 152.8430 0003645 314.0737 149.9665  1.86231664  2490
BEIDOU-3 M14            
1 43623U 18072B   19032.62046032 -.00000044  00000+0  00000+0 0  9991
2 43623  55.0013 152.8110 0003671 313.8591  66.1262  1.86231660  2513
BEIDOU-3 M14            
1 43623U 18072B   19032.98298712 -.00000044  00000+0  00000+0 0  9994
2 43623  55.0023 152.7987 0003732 313.3257 309.7164  1.86231647  2519
GSAT0208 (GALILEO 11)   
1 41175U 15079B   19031.66591933  .00000012  00000+0  00000+0 0  9997
2 41175  54.9351 175.3271 0002469 321.7632  38.1639  1.70473772 19444
GSAT0208 (GALILEO 11)   
1 41175U 15079B   19032.83907681  .00000007  00000+0  00000+0 0  9992
2 41175  54.9351 175.2947 0002482 320.7921  39.1296  1.70473821 19465
GSAT0208 (GALILEO 11)   
1 41175U 15079B   19032.83907756  .00000007  00000+0  00000+0 0  9995
2 41175  54.9352 175.2948 0002481 321.1272  38.7947  1.70473803 19468
BEIDOU-2 G4             
1 37210U 10057A   19030.50624078 -.00000122  00000+0  00000+0 0  9995
2 37210   0.9070  50.7605 0005784 192.8388 228.1202  1.00270696 30266
BEIDOU-2 G4             
1 37210U 10057A   19030.90952235 -.00000122  00000+0  00000+0 0  9998
2 37210   0.9075  50.8288 0005742 192.6640  13.8052  1.00270725 30267
BEIDOU-2 G4             
1 37210U 10057A   19031.79847230 -.00000122  00000+0  00000+0 0  9994
2 37210   0.9089  50.8867 0005675 192.5424 334.7650  1.00270768 30276
BEIDOU-2 G4             
1 37210U 10057A   19031.87026755 -.00000122  00000+0  00000+0 0  9994
2 37210   0.9092  50.9130 0005664 192.5107   0.6874  1.00270774 30274
BEIDOU-2 G4             
1 37210U 10057A   19032.87526462 -.00000121  00000+0  00000+0 0  9994
2 37210   0.9107  51.0216 0005463 192.6431   3.2349  1.00270902 30286
BEIDOU-2 IGSO-6         
1 41434U 16021A   19030.92379023 -.00000152  00000+0  00000+0 0  9991
2 41434  56.3403  65.9285 0035093 200.2080 293.1386  1.00277702 10476
BEIDOU-2 IGSO-6         
1 41434U 16021A   19031.54632595 -.00000148  00000+0  00000+0 0  9991
2 41434  56.3411  65.9217 0035096 200.2210 157.8632  1.00277576 10477
BEIDOU-2 IGSO-6         
1 41434U 16021A   19031.94109466 -.00000146  00000+0  00000+0 0  9999
2 41434  56.3416  65.9174 0035097 200.2294 300.3675  1.00277494 10489
BEIDOU-2 IGSO-6         
1 41434U 16021A   19032.55719455 -.00000141  00000+0  00000+0 0  9997
2 41434  56.3435  65.9106 0035219 200.0803 162.9332  1.00277453 10493
BEIDOU-3S IGSO-2S       
1 40938U 15053A   19030.39967322 -.00000124  00000+0  00000+0 0  9998
2 40938  53.3650 289.9652 0045972 178.3659 258.3703  1.00255864 12344
BEIDOU-3S IGSO-2S       
1 40938U 15053A   19031.23485063 -.00000118  00000+0  00000+0 0  9992
2 40938  53.3639 289.9551 0045928 178.4552 199.7212  1.00255756 12357
BEIDOU-3S IGSO-2S       
1 40938U 15053A   19031.70465860 -.00000114  00000+0  00000+0 0  9993
2 40938  53.3632 289.9498 0045931 178.4577   9.2851  1.00255666 12355
BEIDOU-3S IGSO-2S       
1 40938U 15053A   19032.41494738 -.00000108  00000+0  00000+0 0  9991
2 40938  53.3621 289.9417 0045921 178.3498 265.7533  1.00255497 12363
COSMOS 2432 [GLONASS-M] 
1 32276U 07052B   19030.56666666 -.00000023  00000+0  10000-3 0  9993
2 32276  65.8057  45.8223 0012205 321.2494  92.2856  2.13103782 87679
COSMOS 2432 [GLONASS-M] 
1 32276U 07052B   19031.66683315 -.00000020  00000+0  10000-3 0  9992
2 32276  65.8062  45.7848 0012325 321.2395 216.3059  2.13103751 87692
COSMOS 2432 [GLONASS-M] 
1 32276U 07052B   19032.37374646 -.00000020  00000+0  10000-3 0  9995
2 32276  65.8065  45.7611 0012351 321.2656  38.6003  2.13103747 87703
GSAT0202 (GALILEO 6)    
1 40129U 14050B   19030.15655594 -.00000103  00000+0  00000+0 0  9992
2 40129  50.5901  20.5275 1658030  83.9692 294.6454  1.85520163 30489
GSAT0202 (GALILEO 6)    
1 40129U 14050B   19031.23456569 -.00000103  00000+0  00000+0 0  9993
2 40129  50.5904  20.4844 1658083  84.0027 294.6162  1.85520208 30470
GSAT0202 (GALILEO 6)    
1 40129U 14050B   19032.31257384 -.00000102  00000+0  00000+0 0  9996
2 40129  50.5906  20.4413 1658126  84.0359 294.5856  1.85520230 30520
BEIDOU-3 M13            
1 43622U 18072A   19030.07291240 -.00000022  00000+0  00000+0 0  9996
2 43622  54.9991 152.9069 0004508 276.2212 105.6366  1.86231652  2460
BEIDOU-3 M13            
1 43622U 18072A   19030.58204887 -.00000029  00000+0  00000+0 0  9990
2 43622  54.9993 152.8896 0004528 276.1602  87.0505  1.86231650  2470
BEIDOU-3 M13            
1 43622U 18072A   19031.11768244 -.00000035  00000+0  00000+0 0  9999
2 43622  54.9994 152.8715 0004529 276.0952  86.2334  1.86231648  2488
BEIDOU-3 M13            
1 43622U 18072A   19031.65101621 -.00000040  00000+0  00000+0 0  9994
2 43622  55.0003 152.8534 0005277 276.6291  83.2707  1.86231579  2498
BEIDOU-3 M13            
1 43622U 18072A   19032.18796397 -.00000043  00000+0  00000+0 0  9996
2 43622  55.0003 152.8354 0005322 276.5249  83.3738  1.86231603  2506
BEIDOU-3 M13            
1 43622U 18072A   19032.72491313 -.00000044  00000+0  00000+0 0  9997
2 43622  55.0004 152.8173 0005328 276.5475  83.3509  1.86231598  2513
BEIDOU-3 M13            
1 43622U 18072A   19032.81905653 -.00000044  00000+0  00000+0 0  9994
2 43622  54.9996 152.8142 0004554 276.1147 146.9074  1.86231639  2518
BEIDOU-3 M8             
1 43108U 18003B   19030.05712949 -.00000072  00000+0  00000+0 0  9996
2 43108  55.1911  34.8738 0004988 246.2252 290.2845  1.86232824  7165
BEIDOU-3 M8             
1 43108U 18003B   19030.57309881 -.00000071  00000+0  00000+0 0  9999
2 43108  55.1913  34.8561 0004968 246.3646 276.0787  1.86232817  7177
BEIDOU-3 M8             
1 43108U 18003B   19031.18132995 -.00000071  00000+0  00000+0 0  9997
2 43108  55.1917  34.8353 0004965 246.4171 323.8176  1.86232812  7180
BEIDOU-3 M8             
1 43108U 18003B   19031.71051916 -.00000071  00000+0  00000+0 0  9999
2 43108  55.1917  34.8171 0004983 246.3705 318.6617  1.86232808  7198
BEIDOU-3 M8             
1 43108U 18003B   19032.25794190 -.00000071  00000+0  00000+0 0  9997
2 43108  55.1921  34.7984 0004968 246.4090 325.6453  1.86232808  7203
BEIDOU-3 M8             
1 43108U 18003B   19032.59646961 -.00000071  00000+0  00000+0 0  9996
2 43108  55.1921  34.7867 0004961 246.6016 192.4195  1.86232786  7215
BEIDOU-2 M4             
1 38251U 12018B   19030.38322495 -.00000068  00000+0  10000-3 0  9998
2 38251  56.5057  33.7782 0028648 233.6817 296.3070  1.86233573 46103
BEIDOU-2 M4             
1 38251U 12018B   19030.97445770 -.00000067  00000+0  10000-3 0  9994
2 38251  56.5062  33.7588 0028659 233.7121 332.6711  1.86233574 46112
BEIDOU-2 M4             
1 38251U 12018B   19031.46423095 -.00000067  00000+0  10000-3 0  9995
2 38251  56.5059  33.7420 0028649 233.9029 300.8501  1.86233548 46127
BEIDOU-2 M4             
1 38251U 12018B   19032.05067530 -.00000067  00000+0  10000-3 0  9999
2 38251  56.5062  33.7225 0028651 233.9279 334.0093  1.86233547 46139
BEIDOU-2 M4             
1 38251U 12018B   19032.48344552 -.00000068  00000+0  10000-3 0  9999
2 38251  56.5065  33.7081 0028649 233.9307 264.1590  1.86233540 46140
BEIDOU-3 M16            
1 43647U 18078A   19030.30564787 -.00000073  00000+0  10000-3 0  9995
2 43647  55.0522  32.9631 0008170 320.3088 202.8441  1.86232702  1989
BEIDOU-3 M16            
1 43647U 18078A   19030.90405080 -.00000073  00000+0  10000-3 0  9991
2 43647  55.0528  32.9442 0008030 319.5722 244.7890  1.86232945  1998
BEIDOU-3 M16            
1 43647U 18078A   19031.38980450 -.00000073  00000+0  10000-3 0  9993
2 43647  55.0531  32.9275 0008021 319.5247 210.5130  1.86232953  2008
BEIDOU-3 M16            
1 43647U 18078A   19031.92995976 -.00000073  00000+0  10000-3 0  9992
2 43647  55.0533  32.9074 0008021 319.7386 212.4451  1.86232807  2019
BEIDOU-3 M16            
1 43647U 18078A   19032.53077793 -.00000073  00000+0  10000-3 0  9998
2 43647  55.0536  32.8881 0008021 319.5250 255.4845  1.86232945  2023
BEIDOU-3 M1             
1 43001U 17069A   19030.24061934 -.00000024  00000+0  00000+0 0  9998
2 43001  55.0794 153.1443 0007949 281.9299 122.3756  1.86231830  8411
BEIDOU-3 M1             
1 43001U 17069A   19030.71604337 -.00000030  00000+0  00000+0 0  9997
2 43001  55.0794 153.1283 0007967 282.1108  80.9442  1.86231818  8423
BEIDOU-3 M1             
1 43001U 17069A   19031.87273701 -.00000041  00000+0  00000+0 0  9994
2 43001  55.0794 153.0893 0007965 281.8477 136.7167  1.86231793  8440
BEIDOU-3 M1             
1 43001U 17069A   19032.85860253 -.00000043  00000+0  00000+0 0  9999
2 43001  55.0796 153.0561 0007965 281.8262  77.7164  1.86231790  8455
BEIDOU-3S M1S           
1 40749U 15037B   19030.37113660 -.00000070  00000+0  00000+0 0  9996
2 40749  55.7808  33.3746 0007990 288.1845 256.7304  1.86234442 23923
BEIDOU-3S M1S           
1 40749U 15037B   19031.44414052 -.00000070  00000+0  00000+0 0  9994
2 40749  55.7813  33.3383 0008000 288.2377 256.0824  1.86234435 23944
BEIDOU-3S M1S           
1 40749U 15037B   19031.92980588 -.00000070  00000+0  00000+0 0  9999
2 40749  55.7814  33.3219 0007998 288.2518 221.6870  1.86234433 23953
BEIDOU-3S M1S           
1 40749U 15037B   19032.50353295 -.00000070  00000+0  00000+0 0  9993
2 40749  55.7818  33.3023 0008013 288.4054 246.1935  1.86234425 23962
BEIDOU-3S M1S           
1 40749U 15037B   19032.53061565 -.00000070  00000+0  00000+0 0  9992
2 40749  55.7818  33.3014 0008016 288.4200 264.3366  1.86234424 23967
GSAT0215 (GALILEO 19)   
1 43055U 17079A   19031.41993857 -.00000037  00000+0  00000+0 0  9990
2 43055  56.6691 295.5754 0001447 296.4560  63.5788  1.70473561  7061
BEIDOU-2 IGSO-4         
1 37763U 11038A   19030.54755309 -.00000042  00000+0  10000-3 0  9990
2 37763  54.4412 190.1594 0057071 220.3608  12.1583  1.00276393 27626
BEIDOU-2 IGSO-4         
1 37763U 11038A   19030.99190885 -.00000044  00000+0  10000-3 0  9993
2 37763  54.4412 190.1552 0057079 220.3613 172.5719  1.00276299 27632
BEIDOU-2 IGSO-4         
1 37763U 11038A   19031.92765891 -.00000051  00000+0  10000-3 0  9990
2 37763  54.4413 190.1464 0057073 220.3738 150.3664  1.00276060 27647
BEIDOU-2 IGSO-4         
1 37763U 11038A   19032.00784846 -.00000052  00000+0  10000-3 0  9992
2 37763  54.4413 190.1456 0057076 220.3729 179.3159  1.00276042 27641
BEIDOU-2 IGSO-4         
1 37763U 11038A   19032.64264645 -.00000057  00000+0  10000-3 0  9997
2 37763  54.4418 190.1395 0057108 220.3661  48.4861  1.00275906 27643
BEIDOU-3 M7             
1 43107U 18003A   19030.64643229 -.00000071  00000+0  00000+0 0  9993
2 43107  55.1954  34.8600 0003964 356.3024 170.2471  1.86232752  7175
BEIDOU-3 M7             
1 43107U 18003A   19031.64881667 -.00000071  00000+0  00000+0 0  9994
2 43107  55.1970  34.8250 0003994 356.5461 122.0563  1.86232741  7191
BEIDOU-3 M7             
1 43107U 18003A   19032.70556209 -.00000071  00000+0  00000+0 0  9993
2 43107  55.1974  34.7887 0003998 356.6106 110.4915  1.86232736  7210
GSAT0206 (GALILEO 10)   
1 40890U 15045B   19030.68830130 -.00000042  00000+0  00000+0 0  9993
2 40890  56.5526 295.9385 0002815   6.0335 354.0161  1.70474590 21107
GSAT0206 (GALILEO 10)   
1 40890U 15045B   19031.27489216 -.00000039  00000+0  00000+0 0  9990
2 40890  56.5539 295.9224 0002825   6.2495 353.8025  1.70474563 21110
COSMOS 2476 [GLONASS-M] 
1 37867U 11064A   19030.49021418  .00000006  00000+0  00000+0 0  9999
2 37867  64.4974 164.2020 0016997 236.4710 130.5765  2.13101925 56391
COSMOS 2476 [GLONASS-M] 
1 37867U 11064A   19031.28855113 -.00000004  00000+0  00000+0 0  9993
2 37867  64.4975 164.1747 0017002 236.5029  23.0013  2.13101917 56404
COSMOS 2476 [GLONASS-M] 
1 37867U 11064A   19031.76687280 -.00000009  00000+0  00000+0 0  9999
2 37867  64.4976 164.1586 0017010 236.4944  29.9617  2.13101913 56412
COSMOS 2476 [GLONASS-M] 
1 37867U 11064A   19032.32912602 -.00000013  00000+0  00000+0 0  9996
2 37867  64.4976 164.1396 0017012 236.5229 101.2746  2.13101911 56426
COSMOS 2476 [GLONASS-M] 
1 37867U 11064A   19032.71062612 -.00000015  00000+0  00000+0 0  9998
2 37867  64.4976 164.1268 0017012 236.5263  33.9451  2.13101910 56436
COSMOS 2477 [GLONASS-M] 
1 37868U 11064B   19030.64682631  .00000004  00000+0  00000+0 0  9995
2 37868  64.5061 164.2476 0014768 237.2795  68.7001  2.13101724 56348
COSMOS 2477 [GLONASS-M] 
1 37868U 11064B   19031.65557970 -.00000008  00000+0  00000+0 0  9999
2 37868  64.5058 164.2131 0014781 237.3537 122.5067  2.13101723 56375
COSMOS 2477 [GLONASS-M] 
1 37868U 11064B   19032.59400253 -.00000015  00000+0  00000+0 0  9992
2 37868  64.5058 164.1813 0014811 237.3923 122.3932  2.13101715 56396
GSAT0203 (GALILEO 7)    
1 40544U 15017A   19030.44288499 -.00000056  00000+0  00000+0 0  9992
2 40544  56.0698  55.4039 0005394 261.4151  98.5800  1.70475311 23925
GSAT0203 (GALILEO 7)    
1 40544U 15017A   19031.02946986 -.00000054  00000+0  00000+0 0  9997
2 40544  56.0702  55.3875 0005394 261.5512  98.4452  1.70475347 23279
GSAT0203 (GALILEO 7)    
1 40544U 15017A   19031.61605478 -.00000052  00000+0  00000+0 0  9998
2 40544  56.0707  55.3711 0005394 261.7798  98.2177  1.70475370 23280
COSMOS 2456 [GLONASS-M] 
1 36111U 09070A   19030.21022411  .00000008  00000+0  00000+0 0  9990
2 36111  64.1944 163.3421 0003075 342.9541 266.1394  2.13102879 71030
COSMOS 2456 [GLONASS-M] 
1 36111U 09070A   19030.68069964  .00000001  00000+0  00000+0 0  9998
2 36111  64.1944 163.3260 0003082 342.9012 267.1269  2.13102875 71041
COSMOS 2456 [GLONASS-M] 
1 36111U 09070A   19031.72205039 -.00000011  00000+0  00000+0 0  9991
2 36111  64.1945 163.2907 0003087 342.5016 346.4190  2.13102867 71061
COSMOS 2456 [GLONASS-M] 
1 36111U 09070A   19032.63902568 -.00000017  00000+0  00000+0 0  9999
2 36111  64.1945 163.2593 0003105 342.2304 330.1661  2.13102863 71081
GSAT0207 (GALILEO 15)   
1 41859U 16069A   19030.56616728  .00000019  00000+0  00000+0 0  9991
2 41859  54.5947 175.8465 0002835 299.0667  60.8547  1.70473723 13622
GSAT0207 (GALILEO 15)   
1 41859U 16069A   19032.32590319  .00000009  00000+0  00000+0 0  9993
2 41859  54.5948 175.7975 0002855 298.5738  61.3393  1.70473757 13726
GSAT0212 (GALILEO 16)   
1 41860U 16069B   19031.00616805  .00000016  00000+0  00000+0 0  9996
2 41860  54.5923 175.8341 0002340 335.9538  23.9831  1.70473725 13728
GSAT0212 (GALILEO 16)   
1 41860U 16069B   19031.59274771  .00000013  00000+0  00000+0 0  9999
2 41860  54.5924 175.8178 0002341 335.7559  24.1781  1.70473702 13732
GSAT0213 (GALILEO 17)   
1 41861U 16069C   19030.78575198  .00000018  00000+0  00000+0 0  9992
2 41861  54.5948 175.8431 0001893 259.0187 100.9089  1.70473777 13722
GSAT0213 (GALILEO 17)   
1 41861U 16069C   19031.37233203  .00000014  00000+0  00000+0 0  9992
2 41861  54.5949 175.8267 0001910 258.8930 101.0317  1.70473743 13733
GSAT0213 (GALILEO 17)   
1 41861U 16069C   19032.54548776  .00000008  00000+0  00000+0 0  9999
2 41861  54.5950 175.7942 0001958 258.6640 101.2550  1.70473816 13756
GSAT0213 (GALILEO 17)   
1 41861U 16069C   19032.54548970  .00000008  00000+0  00000+0 0  9995
2 41861  54.5950 175.7941 0001939 258.7346 101.1846  1.70473755 13757
GSAT0218 (GALILEO 22)   
1 43058U 17079D   19031.56638990 -.00000037  00000+0  00000+0 0  9993
2 43058  56.6676 295.5694 0003688 274.5684  85.4398  1.70473664  7067
GSAT0218 (GALILEO 22)   
1 43058U 17079D   19032.15298370 -.00000033  00000+0  00000+0 0  9999
2 43058  56.6672 295.5534 0003674 274.6600  85.3512  1.70473680  7100
COSMOS 2457 [GLONASS-M] 
1 36112U 09070B   19030.58190275  .00000002  00000+0  00000+0 0  9999
2 36112  64.1765 163.2347 0006451 151.8836 148.0832  2.13101499 71046
COSMOS 2457 [GLONASS-M] 
1 36112U 09070B   19031.57548109 -.00000009  00000+0  00000+0 0  9990
2 36112  64.1764 163.2003 0006427 151.8823 190.3230  2.13101488 71065
COSMOS 2457 [GLONASS-M] 
1 36112U 09070B   19031.96617535 -.00000013  00000+0  00000+0 0  9998
2 36112  64.1764 163.1870 0006420 151.8681 130.0643  2.13101486 71079
COSMOS 2457 [GLONASS-M] 
1 36112U 09070B   19032.68048767 -.00000017  00000+0  00000+0 0  9997
2 36112  64.1765 163.1625 0006419 151.9691 317.9588  2.13101484 71092
BEIDOU-3 M18            
1 43707U 18093B   19030.63089080  .00000005  00000+0  00000+0 0  9992
2 43707  54.9432 274.2437 0008214 287.2212 349.0145  1.86231856  1342
BEIDOU-3 M18            
1 43707U 18093B   19031.02757774  .00000009  00000+0  00000+0 0  9992
2 43707  54.9430 274.2298 0008204 287.4398 254.7570  1.86231860  1351
BEIDOU-3 M18            
1 43707U 18093B   19031.71866845  .00000015  00000+0  00000+0 0  9995
2 43707  54.9396 274.2057 0007828 289.4277 356.1072  1.86231648  1363
BEIDOU-3 M18            
1 43707U 18093B   19032.59862123  .00000021  00000+0  00000+0 0  9994
2 43707  54.9422 274.1758 0008140 287.7423 227.7657  1.86231824  1382
BEIDOU-3 M6             
1 43582U 18062B   19030.42267066  .00000002  00000+0  00000+0 0  9995
2 43582  54.8633 274.4515 0005305 347.6989 284.0583  1.86232197  3440
BEIDOU-3 M6             
1 43582U 18062B   19031.49907850  .00000012  00000+0  00000+0 0  9996
2 43582  54.8625 274.4146 0005315 348.0224 285.4185  1.86232193  3460
BEIDOU-3 M6             
1 43582U 18062B   19032.48985323  .00000019  00000+0  00000+0 0  9994
2 43582  54.8619 274.3809 0005311 348.1492 229.5632  1.86232203  3482
COSMOS 2529 [GLONASS-M] 
1 43687U 18086A   19030.47655679 -.00000010  00000+0  00000+0 0  9993
2 43687  64.7744 284.4830 0009909 280.7878 271.6125  2.13102098  1863
COSMOS 2529 [GLONASS-M] 
1 43687U 18086A   19031.36939591 -.00000001  00000+0  00000+0 0  9990
2 43687  64.7742 284.4527 0009880 280.8291 236.5265  2.13102100  1883
COSMOS 2529 [GLONASS-M] 
1 43687U 18086A   19031.44274557  .00000000  00000+0  00000+0 0  9991
2 43687  64.7742 284.4504 0009872 280.8538 292.7732  2.13102105  1881
COSMOS 2529 [GLONASS-M] 
1 43687U 18086A   19032.33232363  .00000009  00000+0  00000+0 0  9998
2 43687  64.7738 284.4198 0009866 280.8436 255.2370  2.13102107  1902
COSMOS 2436 [GLONASS-M] 
1 32395U 07065C   19030.90127038 -.00000004  00000+0  10000-3 0  9991
2 32395  64.7936 283.7553 0016982 359.8640 298.1509  2.13104263 86317
COSMOS 2436 [GLONASS-M] 
1 32395U 07065C   19031.45049477  .00000002  00000+0  10000-3 0  9999
2 32395  64.7926 283.7372 0016990 359.9607 359.4034  2.13104252 86321
COSMOS 2436 [GLONASS-M] 
1 32395U 07065C   19032.63574388  .00000014  00000+0  10000-3 0  9997
2 32395  64.7926 283.6954 0017014   0.2073 188.4473  2.13104238 86351
BEIDOU-3 G1             
1 43683U 18085A   19030.91441697 -.00000251  00000+0  00000+0 0  9997
2 43683   2.8872 272.4763 0001501  31.1386 299.9299  1.00274764  1048
BEIDOU-3 G1             
1 43683U 18085A   19030.93387620 -.00000251  00000+0  00000+0 0  9994
2 43683   2.8871 272.4754 0001499  31.0077 307.0865  1.00274764  1049
BEIDOU-3 G1             
1 43683U 18085A   19031.93892228 -.00000251  00000+0  00000+0 0  9990
2 43683   2.8849 272.4576 0001472  31.3136 309.6162  1.00274497  1058
BEIDOU-3 G1             
1 43683U 18085A   19031.98660545 -.00000251  00000+0  00000+0 0  9990
2 43683   2.8848 272.4565 0001470  31.3960 326.7485  1.00274488  1056
BEIDOU-3 G1             
1 43683U 18085A   19032.94400659 -.00000251  00000+0  00000+0 0  9995
2 43683   2.8828 272.4407 0001379  34.1486 309.6298  1.00274333  1063
COSMOS 2433 [GLONASS-M] 
1 32275U 07052A   19030.23414142 -.00000024  00000+0  10000-3 0  9997
2 32275  65.7930  45.7522 0005413 264.6198 302.4263  2.13104518 87667
COSMOS 2433 [GLONASS-M] 
1 32275U 07052A   19030.64658275 -.00000023  00000+0  10000-3 0  9998
2 32275  65.7934  45.7383 0005406 264.0090 259.4496  2.13104507 87671
COSMOS 2433 [GLONASS-M] 
1 32275U 07052A   19031.64737234 -.00000021  00000+0  10000-3 0  9990
2 32275  65.7936  45.7050 0005415 264.9938 306.2398  2.13104502 87693
COSMOS 2433 [GLONASS-M] 
1 32275U 07052A   19032.77458366 -.00000020  00000+0  10000-3 0  9990
2 32275  65.7942  45.6671 0005409 265.1234  90.8727  2.13104499 87713
COSMOS 2522 [GLONASS-M] 
1 42939U 17055A   19031.03041961 -.00000005  00000+0  00000+0 0  9997
2 42939  64.5631 284.4822 0006919 258.0299  43.5414  2.13101977 10568
COSMOS 2522 [GLONASS-M] 
1 42939U 17055A   19031.67164804  .00000002  00000+0  00000+0 0  9995
2 42939  64.5624 284.4595 0006896 258.0390 175.4622  2.13101996 10582
COSMOS 2522 [GLONASS-M] 
1 42939U 17055A   19031.81507841  .00000004  00000+0  00000+0 0  9995
2 42939  64.5628 284.4552 0006927 257.9229 285.6120  2.13101978 10580
COSMOS 2522 [GLONASS-M] 
1 42939U 17055A   19032.61733428  .00000011  00000+0  00000+0 0  9994
2 42939  64.5618 284.4267 0006879 257.9211 181.0779  2.13101998 10603
BEIDOU-3S IGSO-1S       
1 40549U 15019A   19030.78068977 -.00000202  00000+0  00000+0 0  9996
2 40549  53.7465 326.9907 0037973 191.0959 349.0484  1.00283036 14069
BEIDOU-3S IGSO-1S       
1 40549U 15019A   19031.78556137 -.00000200  00000+0  00000+0 0  9995
2 40549  53.7455 326.9796 0037945 191.0596 351.8632  1.00282789 14071
BEIDOU-3S IGSO-1S       
1 40549U 15019A   19032.76848740 -.00000196  00000+0  00000+0 0  9992
2 40549  53.7441 326.9681 0037940 191.0588 346.7211  1.00282569 14088
COSMOS 2492 [GLONASS-M] 
1 39620U 14012A   19030.37638906 -.00000025  00000+0  10000-3 0  9994
2 39620  65.5733  44.5731 0015687 320.0229  39.4989  2.13103408 37802
COSMOS 2492 [GLONASS-M] 
1 39620U 14012A   19030.64022188 -.00000024  00000+0  10000-3 0  9992
2 39620  65.5734  44.5642 0015702 320.0450 241.8799  2.13103398 37815
COSMOS 2492 [GLONASS-M] 
1 39620U 14012A   19031.44889715 -.00000022  00000+0  10000-3 0  9996
2 39620  65.5739  44.5368 0015720 320.0736 142.2395  2.13103390 37832
COSMOS 2492 [GLONASS-M] 
1 39620U 14012A   19031.52856979 -.00000022  00000+0  10000-3 0  9991
2 39620  65.5739  44.5341 0015718 320.0637 203.3717  2.13103392 37839
COSMOS 2492 [GLONASS-M] 
1 39620U 14012A   19032.75623438 -.00000021  00000+0  10000-3 0  9998
2 39620  65.5745  44.4926 0015754 320.1453  65.1124  2.13103379 37865
GSAT0210 (GALILEO 13)   
1 41550U 16030B   19030.90806269 -.00000041  00000+0  00000+0 0  9992
2 41550  56.6946 295.7393 0002210 295.7844  64.2401  1.70474385 16738
BEIDOU-3 M11            
1 43603U 18067B   19030.02038273  .00000002  00000+0  00000+0 0  9996
2 43603  54.9232 272.9506 0003655 336.1194 340.3844  1.86231411  2948
BEIDOU-3 M11            
1 43603U 18067B   19031.34644921  .00000015  00000+0  00000+0 0  9999
2 43603  54.9224 272.9050 0003646 336.4084 149.1606  1.86231409  2975
BEIDOU-3 M11            
1 43603U 18067B   19032.44689222  .00000023  00000+0  00000+0 0  9993
2 43603  54.9216 272.8674 0003637 336.5578 166.8061  1.86231398  2996
BEIDOU-3 M11            
1 43603U 18067B   19032.56790763  .00000024  00000+0  00000+0 0  9990
2 43603  54.9215 272.8632 0003633 336.5613 247.9377  1.86231396  2994
COSMOS 2527 [GLONASS-M] 
1 43508U 18053A   19030.00607491  .00000013  00000+0  00000+0 0  9999
2 43508  64.8307 164.1187 0005852 220.7139  45.9066  2.13102597  4837
COSMOS 2527 [GLONASS-M] 
1 43508U 18053A   19030.51540860  .00000006  00000+0  00000+0 0  9993
2 43508  64.8306 164.1016 0005860 220.8548  76.5101  2.13102599  4844
COSMOS 2527 [GLONASS-M] 
1 43508U 18053A   19031.06647080 -.00000002  00000+0  00000+0 0  9993
2 43508  64.8306 164.0832 0005871 220.9458 139.1760  2.13102592  4864
COSMOS 2527 [GLONASS-M] 
1 43508U 18053A   19031.84101649 -.00000010  00000+0  00000+0 0  9994
2 43508  64.8303 164.0577 0005905 221.0010  13.3262  2.13102579  4877
COSMOS 2527 [GLONASS-M] 
1 43508U 18053A   19032.48715259 -.00000014  00000+0  00000+0 0  9997
2 43508  64.8304 164.0364 0005912 221.1426 148.8795  2.13102584  4895
COSMOS 2527 [GLONASS-M] 
1 43508U 18053A   19032.60891688 -.00000015  00000+0  00000+0 0  9993
2 43508  64.8307 164.0321 0005910 221.0322 242.4035  2.13102586  4893
BEIDOU-3 M15            
1 43648U 18078B   19030.44095352 -.00000073  00000+0  10000-3 0  9998
2 43648  55.0501  32.9676 0005807 322.4437 201.3138  1.86232329  1994
BEIDOU-3 M15            
1 43648U 18078B   19031.44731265 -.00000073  00000+0  10000-3 0  9999
2 43648  55.0494  32.9346 0005591 321.7867 156.6929  1.86232527  2012
BEIDOU-3 M15            
1 43648U 18078B   19031.52717797 -.00000073  00000+0  10000-3 0  9992
2 43648  55.0495  32.9317 0005585 321.7078 210.3176  1.86232516  2018
BEIDOU-3 M15            
1 43648U 18078B   19032.44895934 -.00000073  00000+0  10000-3 0  9994
2 43648  55.0496  32.9002 0005588 321.6275 108.4109  1.86232544  2037
BEIDOU-3 M15            
1 43648U 18078B   19032.61677287 -.00000073  00000+0  10000-3 0  9992
2 43648  55.0500  32.8942 0005583 321.7342 220.8149  1.86232527  2030
BEIDOU-2 IGSO-2         
1 37256U 10068A   19030.89991332 -.00000226  00000+0  10000-3 0  9999
2 37256  52.2932 304.2983 0063489 202.7518  64.9859  1.00258903 29787
BEIDOU-2 IGSO-2         
1 37256U 10068A   19031.84144850 -.00000220  00000+0  10000-3 0  9994
2 37256  52.2916 304.2874 0063461 202.7405  44.8305  1.00258563 29799
BEIDOU-2 IGSO-2         
1 37256U 10068A   19032.24097459 -.00000217  00000+0  10000-3 0  9997
2 37256  52.2910 304.2828 0063418 202.7157 189.0586  1.00258434 29800
BEIDOU-2 IGSO-2         
1 37256U 10068A   19032.86013538 -.00000213  00000+0  10000-3 0  9997
2 37256  52.2899 304.2755 0063401 202.7080  52.5424  1.00258199 29805
COSMOS 2434 [GLONASS-M] 
1 32393U 07065A   19030.02545425 -.00000013  00000+0  00000+0 0  9991
2 32393  64.7847 283.7326 0003549  86.1636 208.3455  2.13102956 86369
COSMOS 2434 [GLONASS-M] 
1 32393U 07065A   19031.26045373  .00000000  00000+0  00000+0 0  9990
2 32393  64.7850 283.6911 0003584  85.6822  76.2785  2.13102959 86396
COSMOS 2434 [GLONASS-M] 
1 32393U 07065A   19031.43478168  .00000002  00000+0  00000+0 0  9993
2 32393  64.7849 283.6851 0003595  85.5221 210.1771  2.13102955 86391
COSMOS 2434 [GLONASS-M] 
1 32393U 07065A   19032.55010716  .00000013  00000+0  00000+0 0  9990
2 32393  64.7844 283.6468 0003601  85.4435 345.8978  2.13102948 86425
COSMOS 2434 [GLONASS-M] 
1 32393U 07065A   19032.69354920  .00000014  00000+0  00000+0 0  9994
2 32393  64.7843 283.6419 0003613  85.4783  95.9070  2.13102944 86421
COSMOS 2500 [GLONASS-M] 
1 40001U 14032A   19030.56198458 -.00000025  00000+0  00000+0 0  9990
2 40001  65.5150  44.5200 0007621 225.5913 138.0308  2.13102674 36038
COSMOS 2500 [GLONASS-M] 
1 40001U 14032A   19031.70745897 -.00000022  00000+0  00000+0 0  9999
2 40001  65.5160  44.4810 0007589 226.2086 296.1783  2.13102633 36057
COSMOS 2500 [GLONASS-M] 
1 40001U 14032A   19032.67137764 -.00000022  00000+0  00000+0 0  9994
2 40001  65.5164  44.4482 0007572 226.6102 315.2594  2.13102617 36078
COSMOS 2500 [GLONASS-M] 
1 40001U 14032A   19032.90579722 -.00000022  00000+0  00000+0 0  9994
2 40001  65.5165  44.4402 0007572 226.6149 135.0930  2.13102618 36086
BEIDOU-3 M3             
1 43208U 18018B   19030.30849061 -.00000025  00000+0  00000+0 0  9995
2 43208  55.0382 153.3028 0006537 297.0678  62.8284  1.86231793  6550
BEIDOU-3 M3             
1 43208U 18018B   19031.38238377 -.00000037  00000+0  00000+0 0  9999
2 43208  55.0384 153.2666 0006554 297.0526  62.8399  1.86231781  6576
BEIDOU-3 M3             
1 43208U 18018B   19031.91933220 -.00000041  00000+0  00000+0 0  9992
2 43208  55.0385 153.2486 0006555 297.0299  62.8622  1.86231779  6582
GSAT0101 (GALILEO-PFM)  
1 37846U 11060A   19031.25036049 -.00000053  00000+0  00000+0 0  9996
2 37846  56.2794  55.1766 0004615 312.8342  47.1851  1.70475846 45199
GSAT0101 (GALILEO-PFM)  
1 37846U 11060A   19031.83694413 -.00000051  00000+0  00000+0 0  9993
2 37846  56.2798  55.1603 0004616 312.9618  47.0586  1.70475854 45330
COSMOS 2514 [GLONASS-M] 
1 41330U 16008A   19030.28025718 -.00000026  00000+0  00000+0 0  9999
2 41330  65.3157  44.5263 0011239 227.1676 101.7270  2.13103190 23183
COSMOS 2514 [GLONASS-M] 
1 41330U 16008A   19030.75201135 -.00000025  00000+0  00000+0 0  9999
2 41330  65.3158  44.5103 0011222 227.2072 103.6006  2.13103180 23198
COSMOS 2514 [GLONASS-M] 
1 41330U 16008A   19031.69652564 -.00000023  00000+0  00000+0 0  9997
2 41330  65.3162  44.4781 0011221 227.2788 108.1278  2.13103171 23211
COSMOS 2514 [GLONASS-M] 
1 41330U 16008A   19032.44007704 -.00000022  00000+0  00000+0 0  9990
2 41330  65.3165  44.4528 0011218 227.3516 318.4822  2.13103166 23236
COSMOS 2514 [GLONASS-M] 
1 41330U 16008A   19032.93371124 -.00000022  00000+0  00000+0 0  9994
2 41330  65.3168  44.4357 0011187 227.5618 336.9713  2.13103164 23242
COSMOS 2501 [GLONASS-K] 
1 40315U 14075A   19030.21312341 -.00000014  00000+0  00000+0 0  9994
2 40315  64.1090 284.5493 0015086 209.3984  45.8738  2.13098486 32422
COSMOS 2501 [GLONASS-K] 
1 40315U 14075A   19030.54558219 -.00000010  00000+0  00000+0 0  9992
2 40315  64.1086 284.5374 0015084 209.2280 301.0914  2.13098481 32430
COSMOS 2501 [GLONASS-K] 
1 40315U 14075A   19031.56483990  .00000000  00000+0  00000+0 0  9996
2 40315  64.1080 284.5012 0014993 209.1896   3.0563  2.13098461 32452
COSMOS 2501 [GLONASS-K] 
1 40315U 14075A   19032.48439605  .00000009  00000+0  00000+0 0  9991
2 40315  64.1075 284.4687 0014975 209.1244 348.5628  2.13098462 32472
COSMOS 2501 [GLONASS-K] 
1 40315U 14075A   19032.79053380  .00000012  00000+0  00000+0 0  9991
2 40315  64.1071 284.4581 0014960 209.0259 223.5154  2.13098455 32489
GSAT0216 (GALILEO 20)   
1 43056U 17079B   19032.88622941 -.00000029  00000+0  00000+0 0  9997
2 43056  56.6684 295.5348 0003283 281.1448  78.8755  1.70473680  7075
BEIDOU-3 M17            
1 43706U 18093A   19030.04864126 -.00000001  00000+0  00000+0 0  9995
2 43706  54.9427 274.2723 0008826 262.9482 252.8161  1.86231771  1335
BEIDOU-3 M17            
1 43706U 18093A   19031.30868487  .00000011  00000+0  00000+0 0  9999
2 43706  54.9419 274.2291 0008780 262.9653  17.5997  1.86231754  1351
BEIDOU-3 M17            
1 43706U 18093A   19031.84161459  .00000016  00000+0  00000+0 0  9998
2 43706  54.9414 274.2106 0008772 263.0033  14.8663  1.86231748  1360
BEIDOU-3 M17            
1 43706U 18093A   19032.38913914  .00000019  00000+0  00000+0 0  9992
2 43706  54.9410 274.1918 0008763 263.0286  21.9309  1.86231746  1371
BEIDOU-3 M17            
1 43706U 18093A   19032.93031115  .00000022  00000+0  00000+0 0  9991
2 43706  54.9409 274.1733 0008752 263.0256  24.7645  1.86231740  1388
GSAT0205 (GALILEO 9)    
1 40889U 15045A   19032.22836338 -.00000034  00000+0  00000+0 0  9990
2 40889  56.5537 295.8996 0004595  16.3683 343.6994  1.70474287 21102
GSAT0214 (GALILEO 18)   
1 41862U 16069D   19031.51921932  .00000013  00000+0  00000+0 0  9991
2 41862  54.5930 175.8187 0001144 267.7206  92.2118  1.70473713 13725
GSAT0214 (GALILEO 18)   
1 41862U 16069D   19032.10579484  .00000010  00000+0  00000+0 0  9995
2 41862  54.5930 175.8024 0001173 267.2393  92.6901  1.70473820 13733
BEIDOU-2 M3             
1 38250U 12018A   19030.50859745 -.00000067  00000+0  10000-3 0  9993
2 38250  56.5727  34.3751 0024042 238.7026 307.7303  1.86232863 46108
BEIDOU-2 M3             
1 38250U 12018A   19031.52822440 -.00000067  00000+0  10000-3 0  9998
2 38250  56.5731  34.3413 0024035 238.7561 271.2874  1.86232854 46124
BEIDOU-2 M3             
1 38250U 12018A   19032.66594204 -.00000067  00000+0  10000-3 0  9998
2 38250  56.5737  34.3035 0024041 238.8548 313.9736  1.86232853 46145
BEIDOU-2 IGSO-3         
1 37384U 11013A   19030.49786612 -.00000188  00000+0  10000-3 0  9998
2 37384  58.5938  66.7689 0042017 207.1950 152.2610  1.00295775 28659
BEIDOU-2 IGSO-3         
1 37384U 11013A   19030.92396008 -.00000185  00000+0  10000-3 0  9999
2 37384  58.5941  66.7646 0042019 207.3264 305.9769  1.00295643 28665
BEIDOU-2 IGSO-3         
1 37384U 11013A   19031.80074947 -.00000179  00000+0  10000-3 0  9995
2 37384  58.5953  66.7555 0042016 207.3512 262.5317  1.00295391 28678
BEIDOU-2 IGSO-3         
1 37384U 11013A   19032.81890432 -.00000172  00000+0  10000-3 0  9995
2 37384  58.5964  66.7449 0042018 207.3783 270.1253  1.00295095 28680
BEIDOU-2 IGSO-1         
1 36828U 10036A   19030.82757568 -.00000101  00000+0  10000-3 0  9994
2 36828  54.1487 187.7430 0071714 230.7315 125.8010  1.00249224 31194
BEIDOU-2 IGSO-1         
1 36828U 10036A   19030.92620869 -.00000101  00000+0  10000-3 0  9998
2 36828  54.1487 187.7420 0071715 230.7309 161.3989  1.00249192 31203
BEIDOU-2 IGSO-1         
1 36828U 10036A   19031.92746990 -.00000109  00000+0  10000-3 0  9991
2 36828  54.1488 187.7325 0071735 230.7328 162.7572  1.00248867 31213
BEIDOU-2 IGSO-1         
1 36828U 10036A   19031.92746990 -.00000109  00000+0  10000-3 0  9991
2 36828  54.1488 187.7325 0071738 230.7327 162.7573  1.00248868 31217
BEIDOU-2 IGSO-1         
1 36828U 10036A   19032.88335046 -.00000117  00000+0  10000-3 0  9992
2 36828  54.1489 187.7234 0071804 230.7023 147.7660  1.00248495 31221
BEIDOU-3 M10            
1 43246U 18029B   19030.58925228 -.00000073  00000+0  10000-3 0  9997
2 43246  55.1608  32.7213 0005837 309.7382 133.7673  1.86233123  5700
BEIDOU-3 M10            
1 43246U 18029B   19030.72000144 -.00000073  00000+0  10000-3 0  9994
2 43246  55.1602  32.7154 0005968 312.2234 218.9372  1.86232871  5709
BEIDOU-3 M10            
1 43246U 18029B   19031.71348096 -.00000073  00000+0  10000-3 0  9995
2 43246  55.1614  32.6827 0005831 309.7257 167.5252  1.86233113  5721
BEIDOU-3 M10            
1 43246U 18029B   19031.80054435 -.00000073  00000+0  10000-3 0  9996
2 43246  55.1615  32.6797 0005836 309.8618 225.7610  1.86233109  5725
BEIDOU-3 M10            
1 43246U 18029B   19032.93047479 -.00000073  00000+0  10000-3 0  9991
2 43246  55.1617  32.6410 0005856 310.1308 263.0604  1.86233108  5741
BEIDOU-2 G6             
1 38953U 12059A   19030.92175039 -.00000184  00000+0  00000+0 0  9996
2 38953   1.5742  83.0087 0008080 214.2108 248.3279  1.00267495 23036
BEIDOU-2 G6             
1 38953U 12059A   19031.13713609 -.00000184  00000+0  00000+0 0  9991
2 38953   1.5746  83.0129 0008045 214.4480 325.8331  1.00267433 23035
BEIDOU-2 G6             
1 38953U 12059A   19031.75674293 -.00000184  00000+0  00000+0 0  9994
2 38953   1.5761  83.0166 0008054 214.6562 189.2802  1.00267324 23041
BEIDOU-2 G6             
1 38953U 12059A   19032.86008554 -.00000184  00000+0  00000+0 0  9998
2 38953   1.5789  83.1615 0007410 217.8533 224.2488  1.00272514 23057
GSAT0211 (GALILEO 14)   
1 41549U 16030A   19030.61493371 -.00000042  00000+0  00000+0 0  9995
2 41549  56.6950 295.7454 0003330 326.1463  33.8788  1.70474298 16710
GSAT0211 (GALILEO 14)   
1 41549U 16030A   19030.61493371 -.00000042  00000+0  00000+0 0  9995
2 41549  56.6950 295.7454 0003330 326.1463  33.8788  1.70474298 16732
GSAT0211 (GALILEO 14)   
1 41549U 16030A   19032.96129953 -.00000029  00000+0  00000+0 0  9992
2 41549  56.6931 295.6813 0003296 327.2454  32.7915  1.70474369 16753
BEIDOU-3 M12            
1 43602U 18067A   19031.30049497  .00000015  00000+0  00000+0 0  9991
2 43602  54.9273 272.9352 0006182 345.5903 198.4816  1.86231465  2952
BEIDOU-3 M12            
1 43602U 18067A   19031.30049497  .00000015  00000+0  00000+0 0  9991
2 43602  54.9265 272.9350 0006154 345.4966 198.5758  1.86231473  2953
BEIDOU-3 M12            
1 43602U 18067A   19032.37772214  .00000023  00000+0  00000+0 0  9998
2 43602  54.9259 272.8981 0006161 345.7287 200.5739  1.86231465  2978
BEIDOU-3 M12            
1 43602U 18067A   19032.52551541  .00000023  00000+0  00000+0 0  9993
2 43602  54.9258 272.8930 0006161 345.7421 299.6490  1.86231465  2974
COSMOS 2460 [GLONASS-M] 
1 36402U 10007C   19030.67873198 -.00000024  00000+0  10000-3 0  9995
2 36402  65.6836  44.7102 0002576 275.6829  80.2279  2.13101587 69391
COSMOS 2460 [GLONASS-M] 
1 36402U 10007C   19031.38447377 -.00000022  00000+0  10000-3 0  9998
2 36402  65.6838  44.6862 0002656 277.0058 260.3199  2.13101551 69410
COSMOS 2460 [GLONASS-M] 
1 36402U 10007C   19032.09812787 -.00000021  00000+0  10000-3 0  9997
2 36402  65.6841  44.6628 0002680 278.3539  86.4562  2.13101531 69430
COSMOS 2460 [GLONASS-M] 
1 36402U 10007C   19032.66327394 -.00000021  00000+0  10000-3 0  9995
2 36402  65.6845  44.6436 0002877 282.7111 155.6510  2.13101367 69444
GSAT0103 (GALILEO-FM3)  
1 38857U 12055A   19030.70543896  .00000019  00000+0  00000+0 0  9997
2 38857  54.9227 175.6601 0001835 238.9416 120.9897  1.70473689 39225
GSAT0103 (GALILEO-FM3)  
1 38857U 12055A   19032.46517708  .00000009  00000+0  00000+0 0  9994
2 38857  54.9229 175.6116 0001881 239.2294 120.6934  1.70473714 39258
COSMOS 2475 [GLONASS-M] 
1 37869U 11064C   19030.61947598  .00000004  00000+0  00000+0 0  9999
2 37869  64.5135 164.2456 0018512 264.8891 337.0804  2.13101974 56354
COSMOS 2475 [GLONASS-M] 
1 37869U 11064C   19031.67899372 -.00000008  00000+0  00000+0 0  9997
2 37869  64.5132 164.2094 0018528 264.9950  69.7999  2.13101952 56375
COSMOS 2475 [GLONASS-M] 
1 37869U 11064C   19032.83427317 -.00000016  00000+0  00000+0 0  9991
2 37869  64.5131 164.1702 0018578 265.0321 236.0533  2.13101938 56409
BEIDOU-3 M5             
1 43581U 18062A   19030.87294052  .00000007  00000+0  00000+0 0  9993
2 43581  54.8632 274.4445 0002849 277.9079 205.3646  1.86231633  3456
BEIDOU-3 M5             
1 43581U 18062A   19031.09369287  .00000009  00000+0  00000+0 0  9993
2 43581  54.8631 274.4370 0002849 278.0169 353.2596  1.86231630  3458
BEIDOU-3 M5             
1 43581U 18062A   19031.64425859  .00000013  00000+0  00000+0 0  9997
2 43581  54.8627 274.4181 0002835 278.3493   2.0557  1.86231624  3461
BEIDOU-3 M5             
1 43581U 18062A   19032.18077698  .00000017  00000+0  00000+0 0  9995
2 43581  54.8623 274.3998 0002837 278.2313   1.8844  1.86231620  3477
BEIDOU-3 M5             
1 43581U 18062A   19032.72321334  .00000021  00000+0  00000+0 0  9999
2 43581  54.8620 274.3812 0002828 278.1829   5.6113  1.86231619  3480
BEIDOU-2 G7             
1 41586U 16037A   19030.24617970 -.00000364  00000+0  00000+0 0  9992
2 41586   0.7588  22.5916 0009459   9.3443 296.3084  1.00266037  9768
BEIDOU-2 G7             
1 41586U 16037A   19030.92896704 -.00000363  00000+0  00000+0 0  9990
2 41586   0.7601  22.7253 0009562   9.8229 182.1582  1.00265761  9771
BEIDOU-2 G7             
1 41586U 16037A   19031.42963843 -.00000363  00000+0  00000+0 0  9995
2 41586   0.7614  22.9260 0009542   9.6693   2.8353  1.00265514  9787
BEIDOU-2 G7             
1 41586U 16037A   19031.93211787 -.00000363  00000+0  00000+0 0  9994
2 41586   0.7615  22.9252 0009548   9.7719 184.1106  1.00265303  9781
BEIDOU-2 G7             
1 41586U 16037A   19032.54910551 -.00000362  00000+0  00000+0 0  9996
2 41586   0.7619  22.9823 0009568  10.1274  46.4076  1.00265071  9792
BEIDOU-2 G7             
1 41586U 16037A   19032.93720218 -.00000362  00000+0  00000+0 0  9998
2 41586   0.7622  22.9905 0009580  10.2193 186.3963  1.00264930  9794
